3 880
6 1856
9 3544
12 3840
15 4104
18 7248
21 7512
24 7776
27 8040
30 8432
33 14328
36 14592
39 14856
42 15120
45 15384
48 15648
51 15912
54 16432
57 16696
60 16960
63 17224
66 28752
69 29016
72 29280
75 29544
78 29808
81 30072
84 30336
87 30600
90 30864
93 31128
96 31392
99 31656
102 32432
105 32696
108 32960
111 33224
114 33488
117 33752
120 34016
123 34280
126 34544
129 57336
132 57600
135 57864
138 58128
141 58392
144 58656
147 58920
150 59184
153 59448
156 59712
159 59976
162 60240
165 60504
168 60768
171 61032
174 61296
177 61560
180 61824
183 62088
186 62352
189 62616
192 62880
195 63144
198 64432
201 64696
204 64960
207 65224
210 65488
213 65752
216 66016
219 66280
222 66544
225 66808
228 67072
231 67336
234 67600
237 67864
240 68128
243 68392
246 68656
249 68920
252 69184
255 69448
258 114768
261 115032
264 115296
267 115560
270 115824
273 116088
276 116352
279 116616
282 116880
285 117144
288 117408
291 117672
294 117936
297 118200
300 118464
303 118728
306 118992
309 119256
312 119520
315 119784
318 120048
321 120312
324 120576
327 120840
330 121104
333 121368
336 121632
339 121896
342 122160
345 122424
348 122688
351 122952
354 123216
357 123480
360 123744
363 124008
366 124272
369 124536
372 124800
375 125064
378 125328
381 125592
384 125856
387 126120
390 128432
393 128696
396 128960
399 129224
402 129488
405 129752
408 130016
411 130280
414 130544
417 130808
420 131072
423 131336
426 131600
429 131864
432 132128
435 132392
438 132656
441 132920
444 133184
447 133448
450 133712
453 133976
456 134240
459 134504
462 134768
465 135032
468 135296
471 135560
474 135824
477 136088
480 136352
483 136616
486 136880
489 137144
492 137408
495 137672
498 137936
501 138200
504 138464
507 138728
510 138992
513 229368
516 229632
519 229896
522 230160
525 230424
528 230688
531 230952
534 231216
537 231480
540 231744
543 232008
546 232272
549 232536
552 232800
555 233064
558 233328
561 233592
564 233856
567 234120
570 234384
573 234648
576 234912
579 235176
582 235440
585 235704
588 235968
591 236232
594 236496
597 236760
600 237024
603 237288
606 237552
609 237816
612 238080
615 238344
618 238608
621 238872
624 239136
627 239400
630 239664
633 239928
636 240192
639 240456
642 240720
645 240984
648 241248
651 241512
654 241776
657 242040
660 242304
663 242568
666 242832
669 243096
672 243360
675 243624
678 243888
681 244152
684 244416
687 244680
690 244944
693 245208
696 245472
699 245736
702 246000
705 246264
708 246528
711 246792
714 247056
717 247320
720 247584
723 247848
726 248112
729 248376
732 248640
735 248904
738 249168
741 249432
744 249696
747 249960
750 250224
753 250488
756 250752
759 251016
762 251280
765 251544
768 251808
771 252072
774 256432
777 256696
780 256960
783 257224
786 257488
789 257752
792 258016
795 258280
798 258544
801 258808
804 259072
807 259336
810 259600
813 259864
816 260128
819 260392
822 260656
825 260920
828 261184
831 261448
834 261712
837 261976
840 262240
843 262504
846 262768
849 263032
852 263296
855 263560
858 263824
861 264088
864 264352
867 264616
870 264880
873 265144
876 265408
879 265672
882 265936
885 266200
888 266464
891 266728
894 266992
897 267256
900 267520
903 267784
906 268048
909 268312
912 268576
915 268840
918 269104
921 269368
924 269632
927 269896
930 270160
933 270424
936 270688
939 270952
942 271216
945 271480
948 271744
951 272008
954 272272
957 272536
960 272800
963 273064
966 273328
969 273592
972 273856
975 274120
978 274384
981 274648
984 274912
987 275176
990 275440
993 275704
996 275968
999 276232
1002 276496
1005 276760
1008 277024
1011 277288
1014 277552
1017 277816
1020 278080
1023 278344
1026 458832
1029 459096
1032 459360
1035 459624
1038 459888
1041 460152
1044 460416
1047 460680
1050 460944
1053 461208
1056 461472
1059 461736
1062 462000
1065 462264
1068 462528
1071 462792
1074 463056
1077 463320
1080 463584
1083 463848
1086 464112
1089 464376
1092 464640
1095 464904
1098 465168
1101 465432
1104 465696
1107 465960
1110 466224
1113 466488
1116 466752
1119 467016
1122 467280
1125 467544
1128 467808
1131 468072
1134 468336
1137 468600
1140 468864
1143 469128
1146 469392
1149 469656
1152 469920
1155 470184
1158 470448
1161 470712
1164 470976
1167 471240
1170 471504
1173 471768
1176 472032
1179 472296
1182 472560
1185 472824
1188 473088
1191 473352
1194 473616
1197 473880
1200 474144
1203 474408
1206 474672
1209 474936
1212 475200
1215 475464
1218 475728
1221 475992
1224 476256
1227 476520
1230 476784
1233 477048
1236 477312
1239 477576
1242 477840
1245 478104
1248 478368
1251 478632
1254 478896
1257 479160
1260 479424
1263 479688
1266 479952
1269 480216
1272 480480
1275 480744
1278 481008
1281 481272
1284 481536
1287 481800
1290 482064
1293 482328
1296 482592
1299 482856
1302 483120
1305 483384
1308 483648
1311 483912
1314 484176
1317 484440
1320 484704
1323 484968
1326 485232
1329 485496
1332 485760
1335 486024
1338 486288
1341 486552
1344 486816
1347 487080
1350 487344
1353 487608
1356 487872
1359 488136
1362 488400
1365 488664
1368 488928
1371 489192
1374 489456
1377 489720
1380 489984
1383 490248
1386 490512
1389 490776
1392 491040
1395 491304
1398 491568
1401 491832
1404 492096
1407 492360
1410 492624
1413 492888
1416 493152
1419 493416
1422 493680
1425 493944
1428 494208
1431 494472
1434 494736
1437 495000
1440 495264
1443 495528
1446 495792
1449 496056
1452 496320
1455 496584
1458 496848
1461 497112
1464 497376
1467 497640
1470 497904
1473 498168
1476 498432
1479 498696
1482 498960
1485 499224
1488 499488
1491 499752
1494 500016
1497 500280
1500 500544
1503 500808
1506 501072
1509 501336
1512 501600
1515 501864
1518 502128
1521 502392
1524 502656
1527 502920
1530 503184
1533 503448
1536 503712
1539 503976
1542 512432
1545 512696
1548 512960
1551 513224
1554 513488
1557 513752
1560 514016
1563 514280
1566 514544
1569 514808
1572 515072
1575 515336
1578 515600
1581 515864
1584 516128
1587 516392
1590 516656
1593 516920
1596 517184
1599 517448
1602 517712
1605 517976
1608 518240
1611 518504
1614 518768
1617 519032
1620 519296
1623 519560
1626 519824
1629 520088
1632 520352
1635 520616
1638 520880
1641 521144
1644 521408
1647 521672
1650 521936
1653 522200
1656 522464
1659 522728
1662 522992
1665 523256
1668 523520
1671 523784
1674 524048
1677 524312
1680 524576
1683 524840
1686 525104
1689 525368
1692 525632
1695 525896
1698 526160
1701 526424
1704 526688
1707 526952
1710 527216
1713 527480
1716 527744
1719 528008
1722 528272
1725 528536
1728 528800
1731 529064
1734 529328
1737 529592
1740 529856
1743 530120
1746 530384
1749 530648
1752 530912
1755 531176
1758 531440
1761 531704
1764 531968
1767 532232
1770 532496
1773 532760
1776 533024
1779 533288
1782 533552
1785 533816
1788 534080
1791 534344
1794 534608
1797 534872
1800 535136
1803 535400
1806 535664
1809 535928
1812 536192
1815 536456
1818 536720
1821 536984
1824 537248
1827 537512
1830 537776
1833 538040
1836 538304
1839 538568
1842 538832
1845 539096
1848 539360
1851 539624
1854 539888
1857 540152
1860 540416
1863 540680
1866 540944
1869 541208
1872 541472
1875 541736
1878 542000
1881 542264
1884 542528
1887 542792
1890 543056
1893 543320
1896 543584
1899 543848
1902 544112
1905 544376
1908 544640
1911 544904
1914 545168
1917 545432
1920 545696
1923 545960
1926 546224
1929 546488
1932 546752
1935 547016
1938 547280
1941 547544
1944 547808
1947 548072
1950 548336
1953 548600
1956 548864
1959 549128
1962 549392
1965 549656
1968 549920
1971 550184
1974 550448
1977 550712
1980 550976
1983 551240
1986 551504
1989 551768
1992 552032
1995 552296
1998 552560
2001 552824
2004 553088
2007 553352
2010 553616
2013 553880
2016 554144
2019 554408
2022 554672
2025 554936
2028 555200
2031 555464
2034 555728
2037 555992
2040 556256
2043 556520
2046 556784
2049 917496
2052 917760
2055 918024
2058 918288
2061 918552
2064 918816
2067 919080
2070 919344
2073 919608
2076 919872
2079 920136
2082 920400
2085 920664
2088 920928
2091 921192
2094 921456
2097 921720
2100 921984
2103 922248
2106 922512
2109 922776
2112 923040
2115 923304
2118 923568
2121 923832
2124 924096
2127 924360
2130 924624
2133 924888
2136 925152
2139 925416
2142 925680
2145 925944
2148 926208
2151 926472
2154 926736
2157 927000
2160 927264
2163 927528
2166 927792
2169 928056
2172 928320
2175 928584
2178 928848
2181 929112
2184 929376
2187 929640
2190 929904
2193 930168
2196 930432
2199 930696
2202 930960
2205 931224
2208 931488
2211 931752
2214 932016
2217 932280
2220 932544
2223 932808
2226 933072
2229 933336
2232 933600
2235 933864
2238 934128
2241 934392
2244 934656
2247 934920
2250 935184
2253 935448
2256 935712
2259 935976
2262 936240
2265 936504
2268 936768
2271 937032
2274 937296
2277 937560
2280 937824
2283 938088
2286 938352
2289 938616
2292 938880
2295 939144
2298 939408
2301 939672
2304 939936
2307 940200
2310 940464
2313 940728
2316 940992
2319 941256
2322 941520
2325 941784
2328 942048
2331 942312
2334 942576
2337 942840
2340 943104
2343 943368
2346 943632
2349 943896
2352 944160
2355 944424
2358 944688
2361 944952
2364 945216
2367 945480
2370 945744
2373 946008
2376 946272
2379 946536
2382 946800
2385 947064
2388 947328
2391 947592
2394 947856
2397 948120
2400 948384
2403 948648
2406 948912
2409 949176
2412 949440
2415 949704
2418 949968
2421 950232
2424 950496
2427 950760
2430 951024
2433 951288
2436 951552
2439 951816
2442 952080
2445 952344
2448 952608
2451 952872
2454 953136
2457 953400
2460 953664
2463 953928
2466 954192
2469 954456
2472 954720
2475 954984
2478 955248
2481 955512
2484 955776
2487 956040
2490 956304
2493 956568
2496 956832
2499 957096
2502 957360
2505 957624
2508 957888
2511 958152
2514 958416
2517 958680
2520 958944
2523 959208
2526 959472
2529 959736
2532 960000
2535 960264
2538 960528
2541 960792
2544 961056
2547 961320
2550 961584
2553 961848
2556 962112
2559 962376
2562 962640
2565 962904
2568 963168
2571 963432
2574 963696
2577 963960
2580 964224
2583 964488
2586 964752
2589 965016
2592 965280
2595 965544
2598 965808
2601 966072
2604 966336
2607 966600
2610 966864
2613 967128
2616 967392
2619 967656
2622 967920
2625 968184
2628 968448
2631 968712
2634 968976
2637 969240
2640 969504
2643 969768
2646 970032
2649 970296
2652 970560
2655 970824
2658 971088
2661 971352
2664 971616
2667 971880
2670 972144
2673 972408
2676 972672
2679 972936
2682 973200
2685 973464
2688 973728
2691 973992
2694 974256
2697 974520
2700 974784
2703 975048
2706 975312
2709 975576
2712 975840
2715 976104
2718 976368
2721 976632
2724 976896
2727 977160
2730 977424
2733 977688
2736 977952
2739 978216
2742 978480
2745 978744
2748 979008
2751 979272
2754 979536
2757 979800
2760 980064
2763 980328
2766 980592
2769 980856
2772 981120
2775 981384
2778 981648
2781 981912
2784 982176
2787 982440
2790 982704
2793 982968
2796 983232
2799 983496
2802 983760
2805 984024
2808 984288
2811 984552
2814 984816
2817 985080
2820 985344
2823 985608
2826 985872
2829 986136
2832 986400
2835 986664
2838 986928
2841 987192
2844 987456
2847 987720
2850 987984
2853 988248
2856 988512
2859 988776
2862 989040
2865 989304
2868 989568
2871 989832
2874 990096
2877 990360
2880 990624
2883 990888
2886 991152
2889 991416
2892 991680
2895 991944
2898 992208
2901 992472
2904 992736
2907 993000
2910 993264
2913 993528
2916 993792
2919 994056
2922 994320
2925 994584
2928 994848
2931 995112
2934 995376
2937 995640
2940 995904
2943 996168
2946 996432
2949 996696
2952 996960
2955 997224
2958 997488
2961 997752
2964 998016
2967 998280
2970 998544
2973 998808
2976 999072
2979 999336
2982 999600
2985 999864
2988 1000128
2991 1000392
2994 1000656
2997 1000920
3000 1001184
