3 416
6 552
9 824
12 856
15 856
18 1432
21 1432
24 1432
27 1432
30 1560
33 2584
36 2584
39 2584
42 2584
45 2584
48 2584
51 2584
54 2840
57 2840
60 2840
63 2840
66 4888
69 4888
72 4888
75 4888
78 4888
81 4888
84 4888
87 4888
90 4888
93 4888
96 4888
99 4888
102 5400
105 5400
108 5400
111 5400
114 5400
117 5400
120 5400
123 5400
126 5400
129 9496
132 9496
135 9496
138 9496
141 9496
144 9496
147 9496
150 9496
153 9496
156 9496
159 9496
162 9496
165 9496
168 9496
171 9496
174 9496
177 9496
180 9496
183 9496
186 9496
189 9496
192 9496
195 9496
198 10520
201 10520
204 10520
207 10520
210 10520
213 10520
216 10520
219 10520
222 10520
225 10520
228 10520
231 10520
234 10520
237 10520
240 10520
243 10520
246 10520
249 10520
252 10520
255 10520
258 18712
261 18712
264 18712
267 18712
270 18712
273 18712
276 18712
279 18712
282 18712
285 18712
288 18712
291 18712
294 18712
297 18712
300 18712
303 18712
306 18712
309 18712
312 18712
315 18712
318 18712
321 18712
324 18712
327 18712
330 18712
333 18712
336 18712
339 18712
342 18712
345 18712
348 18712
351 18712
354 18712
357 18712
360 18712
363 18712
366 18712
369 18712
372 18712
375 18712
378 18712
381 18712
384 18712
387 18712
390 20760
393 20760
396 20760
399 20760
402 20760
405 20760
408 20760
411 20760
414 20760
417 20760
420 20760
423 20760
426 20760
429 20760
432 20760
435 20760
438 20760
441 20760
444 20760
447 20760
450 20760
453 20760
456 20760
459 20760
462 20760
465 20760
468 20760
471 20760
474 20760
477 20760
480 20760
483 20760
486 20760
489 20760
492 20760
495 20760
498 20760
501 20760
504 20760
507 20760
510 20760
513 37144
516 37144
519 37144
522 37144
525 37144
528 37144
531 37144
534 37144
537 37144
540 37144
543 37144
546 37144
549 37144
552 37144
555 37144
558 37144
561 37144
564 37144
567 37144
570 37144
573 37144
576 37144
579 37144
582 37144
585 37144
588 37144
591 37144
594 37144
597 37144
600 37144
603 37144
606 37144
609 37144
612 37144
615 37144
618 37144
621 37144
624 37144
627 37144
630 37144
633 37144
636 37144
639 37144
642 37144
645 37144
648 37144
651 37144
654 37144
657 37144
660 37144
663 37144
666 37144
669 37144
672 37144
675 37144
678 37144
681 37144
684 37144
687 37144
690 37144
693 37144
696 37144
699 37144
702 37144
705 37144
708 37144
711 37144
714 37144
717 37144
720 37144
723 37144
726 37144
729 37144
732 37144
735 37144
738 37144
741 37144
744 37144
747 37144
750 37144
753 37144
756 37144
759 37144
762 37144
765 37144
768 37144
771 37144
774 41240
777 41240
780 41240
783 41240
786 41240
789 41240
792 41240
795 41240
798 41240
801 41240
804 41240
807 41240
810 41240
813 41240
816 41240
819 41240
822 41240
825 41240
828 41240
831 41240
834 41240
837 41240
840 41240
843 41240
846 41240
849 41240
852 41240
855 41240
858 41240
861 41240
864 41240
867 41240
870 41240
873 41240
876 41240
879 41240
882 41240
885 41240
888 41240
891 41240
894 41240
897 41240
900 41240
903 41240
906 41240
909 41240
912 41240
915 41240
918 41240
921 41240
924 41240
927 41240
930 41240
933 41240
936 41240
939 41240
942 41240
945 41240
948 41240
951 41240
954 41240
957 41240
960 41240
963 41240
966 41240
969 41240
972 41240
975 41240
978 41240
981 41240
984 41240
987 41240
990 41240
993 41240
996 41240
999 41240
1002 41240
1005 41240
1008 41240
1011 41240
1014 41240
1017 41240
1020 41240
1023 41240
1026 74008
1029 74008
1032 74008
1035 74008
1038 74008
1041 74008
1044 74008
1047 74008
1050 74008
1053 74008
1056 74008
1059 74008
1062 74008
1065 74008
1068 74008
1071 74008
1074 74008
1077 74008
1080 74008
1083 74008
1086 74008
1089 74008
1092 74008
1095 74008
1098 74008
1101 74008
1104 74008
1107 74008
1110 74008
1113 74008
1116 74008
1119 74008
1122 74008
1125 74008
1128 74008
1131 74008
1134 74008
1137 74008
1140 74008
1143 74008
1146 74008
1149 74008
1152 74008
1155 74008
1158 74008
1161 74008
1164 74008
1167 74008
1170 74008
1173 74008
1176 74008
1179 74008
1182 74008
1185 74008
1188 74008
1191 74008
1194 74008
1197 74008
1200 74008
1203 74008
1206 74008
1209 74008
1212 74008
1215 74008
1218 74008
1221 74008
1224 74008
1227 74008
1230 74008
1233 74008
1236 74008
1239 74008
1242 74008
1245 74008
1248 74008
1251 74008
1254 74008
1257 74008
1260 74008
1263 74008
1266 74008
1269 74008
1272 74008
1275 74008
1278 74008
1281 74008
1284 74008
1287 74008
1290 74008
1293 74008
1296 74008
1299 74008
1302 74008
1305 74008
1308 74008
1311 74008
1314 74008
1317 74008
1320 74008
1323 74008
1326 74008
1329 74008
1332 74008
1335 74008
1338 74008
1341 74008
1344 74008
1347 74008
1350 74008
1353 74008
1356 74008
1359 74008
1362 74008
1365 74008
1368 74008
1371 74008
1374 74008
1377 74008
1380 74008
1383 74008
1386 74008
1389 74008
1392 74008
1395 74008
1398 74008
1401 74008
1404 74008
1407 74008
1410 74008
1413 74008
1416 74008
1419 74008
1422 74008
1425 74008
1428 74008
1431 74008
1434 74008
1437 74008
1440 74008
1443 74008
1446 74008
1449 74008
1452 74008
1455 74008
1458 74008
1461 74008
1464 74008
1467 74008
1470 74008
1473 74008
1476 74008
1479 74008
1482 74008
1485 74008
1488 74008
1491 74008
1494 74008
1497 74008
1500 74008
1503 74008
1506 74008
1509 74008
1512 74008
1515 74008
1518 74008
1521 74008
1524 74008
1527 74008
1530 74008
1533 74008
1536 74008
1539 74008
1542 82200
1545 82200
1548 82200
1551 82200
1554 82200
1557 82200
1560 82200
1563 82200
1566 82200
1569 82200
1572 82200
1575 82200
1578 82200
1581 82200
1584 82200
1587 82200
1590 82200
1593 82200
1596 82200
1599 82200
1602 82200
1605 82200
1608 82200
1611 82200
1614 82200
1617 82200
1620 82200
1623 82200
1626 82200
1629 82200
1632 82200
1635 82200
1638 82200
1641 82200
1644 82200
1647 82200
1650 82200
1653 82200
1656 82200
1659 82200
1662 82200
1665 82200
1668 82200
1671 82200
1674 82200
1677 82200
1680 82200
1683 82200
1686 82200
1689 82200
1692 82200
1695 82200
1698 82200
1701 82200
1704 82200
1707 82200
1710 82200
1713 82200
1716 82200
1719 82200
1722 82200
1725 82200
1728 82200
1731 82200
1734 82200
1737 82200
1740 82200
1743 82200
1746 82200
1749 82200
1752 82200
1755 82200
1758 82200
1761 82200
1764 82200
1767 82200
1770 82200
1773 82200
1776 82200
1779 82200
1782 82200
1785 82200
1788 82200
1791 82200
1794 82200
1797 82200
1800 82200
1803 82200
1806 82200
1809 82200
1812 82200
1815 82200
1818 82200
1821 82200
1824 82200
1827 82200
1830 82200
1833 82200
1836 82200
1839 82200
1842 82200
1845 82200
1848 82200
1851 82200
1854 82200
1857 82200
1860 82200
1863 82200
1866 82200
1869 82200
1872 82200
1875 82200
1878 82200
1881 82200
1884 82200
1887 82200
1890 82200
1893 82200
1896 82200
1899 82200
1902 82200
1905 82200
1908 82200
1911 82200
1914 82200
1917 82200
1920 82200
1923 82200
1926 82200
1929 82200
1932 82200
1935 82200
1938 82200
1941 82200
1944 82200
1947 82200
1950 82200
1953 82200
1956 82200
1959 82200
1962 82200
1965 82200
1968 82200
1971 82200
1974 82200
1977 82200
1980 82200
1983 82200
1986 82200
1989 82200
1992 82200
1995 82200
1998 82200
2001 82200
2004 82200
2007 82200
2010 82200
2013 82200
2016 82200
2019 82200
2022 82200
2025 82200
2028 82200
2031 82200
2034 82200
2037 82200
2040 82200
2043 82200
2046 82200
2049 147736
2052 147736
2055 147736
2058 147736
2061 147736
2064 147736
2067 147736
2070 147736
2073 147736
2076 147736
2079 147736
2082 147736
2085 147736
2088 147736
2091 147736
2094 147736
2097 147736
2100 147736
2103 147736
2106 147736
2109 147736
2112 147736
2115 147736
2118 147736
2121 147736
2124 147736
2127 147736
2130 147736
2133 147736
2136 147736
2139 147736
2142 147736
2145 147736
2148 147736
2151 147736
2154 147736
2157 147736
2160 147736
2163 147736
2166 147736
2169 147736
2172 147736
2175 147736
2178 147736
2181 147736
2184 147736
2187 147736
2190 147736
2193 147736
2196 147736
2199 147736
2202 147736
2205 147736
2208 147736
2211 147736
2214 147736
2217 147736
2220 147736
2223 147736
2226 147736
2229 147736
2232 147736
2235 147736
2238 147736
2241 147736
2244 147736
2247 147736
2250 147736
2253 147736
2256 147736
2259 147736
2262 147736
2265 147736
2268 147736
2271 147736
2274 147736
2277 147736
2280 147736
2283 147736
2286 147736
2289 147736
2292 147736
2295 147736
2298 147736
2301 147736
2304 147736
2307 147736
2310 147736
2313 147736
2316 147736
2319 147736
2322 147736
2325 147736
2328 147736
2331 147736
2334 147736
2337 147736
2340 147736
2343 147736
2346 147736
2349 147736
2352 147736
2355 147736
2358 147736
2361 147736
2364 147736
2367 147736
2370 147736
2373 147736
2376 147736
2379 147736
2382 147736
2385 147736
2388 147736
2391 147736
2394 147736
2397 147736
2400 147736
2403 147736
2406 147736
2409 147736
2412 147736
2415 147736
2418 147736
2421 147736
2424 147736
2427 147736
2430 147736
2433 147736
2436 147736
2439 147736
2442 147736
2445 147736
2448 147736
2451 147736
2454 147736
2457 147736
2460 147736
2463 147736
2466 147736
2469 147736
2472 147736
2475 147736
2478 147736
2481 147736
2484 147736
2487 147736
2490 147736
2493 147736
2496 147736
2499 147736
2502 147736
2505 147736
2508 147736
2511 147736
2514 147736
2517 147736
2520 147736
2523 147736
2526 147736
2529 147736
2532 147736
2535 147736
2538 147736
2541 147736
2544 147736
2547 147736
2550 147736
2553 147736
2556 147736
2559 147736
2562 147736
2565 147736
2568 147736
2571 147736
2574 147736
2577 147736
2580 147736
2583 147736
2586 147736
2589 147736
2592 147736
2595 147736
2598 147736
2601 147736
2604 147736
2607 147736
2610 147736
2613 147736
2616 147736
2619 147736
2622 147736
2625 147736
2628 147736
2631 147736
2634 147736
2637 147736
2640 147736
2643 147736
2646 147736
2649 147736
2652 147736
2655 147736
2658 147736
2661 147736
2664 147736
2667 147736
2670 147736
2673 147736
2676 147736
2679 147736
2682 147736
2685 147736
2688 147736
2691 147736
2694 147736
2697 147736
2700 147736
2703 147736
2706 147736
2709 147736
2712 147736
2715 147736
2718 147736
2721 147736
2724 147736
2727 147736
2730 147736
2733 147736
2736 147736
2739 147736
2742 147736
2745 147736
2748 147736
2751 147736
2754 147736
2757 147736
2760 147736
2763 147736
2766 147736
2769 147736
2772 147736
2775 147736
2778 147736
2781 147736
2784 147736
2787 147736
2790 147736
2793 147736
2796 147736
2799 147736
2802 147736
2805 147736
2808 147736
2811 147736
2814 147736
2817 147736
2820 147736
2823 147736
2826 147736
2829 147736
2832 147736
2835 147736
2838 147736
2841 147736
2844 147736
2847 147736
2850 147736
2853 147736
2856 147736
2859 147736
2862 147736
2865 147736
2868 147736
2871 147736
2874 147736
2877 147736
2880 147736
2883 147736
2886 147736
2889 147736
2892 147736
2895 147736
2898 147736
2901 147736
2904 147736
2907 147736
2910 147736
2913 147736
2916 147736
2919 147736
2922 147736
2925 147736
2928 147736
2931 147736
2934 147736
2937 147736
2940 147736
2943 147736
2946 147736
2949 147736
2952 147736
2955 147736
2958 147736
2961 147736
2964 147736
2967 147736
2970 147736
2973 147736
2976 147736
2979 147736
2982 147736
2985 147736
2988 147736
2991 147736
2994 147736
2997 147736
3000 147736
