3 151944
6 152072
9 152328
12 152328
15 152328
18 152840
21 152840
24 152840
27 152840
30 152840
33 153864
36 153864
39 153864
42 153864
45 153864
48 153864
51 153864
54 153864
57 153864
60 153864
63 153864
66 155912
69 155912
72 155912
75 155912
78 155912
81 155912
84 155912
87 155912
90 155912
93 155912
96 155912
99 155912
102 155912
105 155912
108 155912
111 155912
114 155912
117 155912
120 155912
123 155912
126 155912
129 160008
132 160008
135 160008
138 160008
141 160008
144 160008
147 160008
150 160008
153 160008
156 160008
159 160008
162 160008
165 160008
168 160008
171 160008
174 160008
177 160008
180 160008
183 160008
186 160008
189 160008
192 160008
195 160008
198 160008
201 160008
204 160008
207 160008
210 160008
213 160008
216 160008
219 160008
222 160008
225 160008
228 160008
231 160008
234 160008
237 160008
240 160008
243 160008
246 160008
249 160008
252 160008
255 160008
258 168200
261 168200
264 168200
267 168200
270 168200
273 168200
276 168200
279 168200
282 168200
285 168200
288 168200
291 168200
294 168200
297 168200
300 168200
303 168200
306 168200
309 168200
312 168200
315 168200
318 168200
321 168200
324 168200
327 168200
330 168200
333 168200
336 168200
339 168200
342 168200
345 168200
348 168200
351 168200
354 168200
357 168200
360 168200
363 168200
366 168200
369 168200
372 168200
375 168200
378 168200
381 168200
384 168200
387 168200
390 168200
393 168200
396 168200
399 168200
402 168200
405 168200
408 168200
411 168200
414 168200
417 168200
420 168200
423 168200
426 168200
429 168200
432 168200
435 168200
438 168200
441 168200
444 168200
447 168200
450 168200
453 168200
456 168200
459 168200
462 168200
465 168200
468 168200
471 168200
474 168200
477 168200
480 168200
483 168200
486 168200
489 168200
492 168200
495 168200
498 168200
501 168200
504 168200
507 168200
510 168200
513 184584
516 184584
519 184584
522 184584
525 184584
528 184584
531 184584
534 184584
537 184584
540 184584
543 184584
546 184584
549 184584
552 184584
555 184584
558 184584
561 184584
564 184584
567 184584
570 184584
573 184584
576 184584
579 184584
582 184584
585 184584
588 184584
591 184584
594 184584
597 184584
600 184584
603 184584
606 184584
609 184584
612 184584
615 184584
618 184584
621 184584
624 184584
627 184584
630 184584
633 184584
636 184584
639 184584
642 184584
645 184584
648 184584
651 184584
654 184584
657 184584
660 184584
663 184584
666 184584
669 184584
672 184584
675 184584
678 184584
681 184584
684 184584
687 184584
690 184584
693 184584
696 184584
699 184584
702 184584
705 184584
708 184584
711 184584
714 184584
717 184584
720 184584
723 184584
726 184584
729 184584
732 184584
735 184584
738 184584
741 184584
744 184584
747 184584
750 184584
753 184584
756 184584
759 184584
762 184584
765 184584
768 184584
771 184584
774 184584
777 184584
780 184584
783 184584
786 184584
789 184584
792 184584
795 184584
798 184584
801 184584
804 184584
807 184584
810 184584
813 184584
816 184584
819 184584
822 184584
825 184584
828 184584
831 184584
834 184584
837 184584
840 184584
843 184584
846 184584
849 184584
852 184584
855 184584
858 184584
861 184584
864 184584
867 184584
870 184584
873 184584
876 184584
879 184584
882 184584
885 184584
888 184584
891 184584
894 184584
897 184584
900 184584
903 184584
906 184584
909 184584
912 184584
915 184584
918 184584
921 184584
924 184584
927 184584
930 184584
933 184584
936 184584
939 184584
942 184584
945 184584
948 184584
951 184584
954 184584
957 184584
960 184584
963 184584
966 184584
969 184584
972 184584
975 184584
978 184584
981 184584
984 184584
987 184584
990 184584
993 184584
996 184584
999 184584
1002 184584
1005 184584
1008 184584
1011 184584
1014 184584
1017 184584
1020 184584
1023 184584
1026 217352
1029 217352
1032 217352
1035 217352
1038 217352
1041 217352
1044 217352
1047 217352
1050 217352
1053 217352
1056 217352
1059 217352
1062 217352
1065 217352
1068 217352
1071 217352
1074 217352
1077 217352
1080 217352
1083 217352
1086 217352
1089 217352
1092 217352
1095 217352
1098 217352
1101 217352
1104 217352
1107 217352
1110 217352
1113 217352
1116 217352
1119 217352
1122 217352
1125 217352
1128 217352
1131 217352
1134 217352
1137 217352
1140 217352
1143 217352
1146 217352
1149 217352
1152 217352
1155 217352
1158 217352
1161 217352
1164 217352
1167 217352
1170 217352
1173 217352
1176 217352
1179 217352
1182 217352
1185 217352
1188 217352
1191 217352
1194 217352
1197 217352
1200 217352
1203 217352
1206 217352
1209 217352
1212 217352
1215 217352
1218 217352
1221 217352
1224 217352
1227 217352
1230 217352
1233 217352
1236 217352
1239 217352
1242 217352
1245 217352
1248 217352
1251 217352
1254 217352
1257 217352
1260 217352
1263 217352
1266 217352
1269 217352
1272 217352
1275 217352
1278 217352
1281 217352
1284 217352
1287 217352
1290 217352
1293 217352
1296 217352
1299 217352
1302 217352
1305 217352
1308 217352
1311 217352
1314 217352
1317 217352
1320 217352
1323 217352
1326 217352
1329 217352
1332 217352
1335 217352
1338 217352
1341 217352
1344 217352
1347 217352
1350 217352
1353 217352
1356 217352
1359 217352
1362 217352
1365 217352
1368 217352
1371 217352
1374 217352
1377 217352
1380 217352
1383 217352
1386 217352
1389 217352
1392 217352
1395 217352
1398 217352
1401 217352
1404 217352
1407 217352
1410 217352
1413 217352
1416 217352
1419 217352
1422 217352
1425 217352
1428 217352
1431 217352
1434 217352
1437 217352
1440 217352
1443 217352
1446 217352
1449 217352
1452 217352
1455 217352
1458 217352
1461 217352
1464 217352
1467 217352
1470 217352
1473 217352
1476 217352
1479 217352
1482 217352
1485 217352
1488 217352
1491 217352
1494 217352
1497 217352
1500 217352
1503 217352
1506 217352
1509 217352
1512 217352
1515 217352
1518 217352
1521 217352
1524 217352
1527 217352
1530 217352
1533 217352
1536 217352
1539 217352
1542 217352
1545 217352
1548 217352
1551 217352
1554 217352
1557 217352
1560 217352
1563 217352
1566 217352
1569 217352
1572 217352
1575 217352
1578 217352
1581 217352
1584 217352
1587 217352
1590 217352
1593 217352
1596 217352
1599 217352
1602 217352
1605 217352
1608 217352
1611 217352
1614 217352
1617 217352
1620 217352
1623 217352
1626 217352
1629 217352
1632 217352
1635 217352
1638 217352
1641 217352
1644 217352
1647 217352
1650 217352
1653 217352
1656 217352
1659 217352
1662 217352
1665 217352
1668 217352
1671 217352
1674 217352
1677 217352
1680 217352
1683 217352
1686 217352
1689 217352
1692 217352
1695 217352
1698 217352
1701 217352
1704 217352
1707 217352
1710 217352
1713 217352
1716 217352
1719 217352
1722 217352
1725 217352
1728 217352
1731 217352
1734 217352
1737 217352
1740 217352
1743 217352
1746 217352
1749 217352
1752 217352
1755 217352
1758 217352
1761 217352
1764 217352
1767 217352
1770 217352
1773 217352
1776 217352
1779 217352
1782 217352
1785 217352
1788 217352
1791 217352
1794 217352
1797 217352
1800 217352
1803 217352
1806 217352
1809 217352
1812 217352
1815 217352
1818 217352
1821 217352
1824 217352
1827 217352
1830 217352
1833 217352
1836 217352
1839 217352
1842 217352
1845 217352
1848 217352
1851 217352
1854 217352
1857 217352
1860 217352
1863 217352
1866 217352
1869 217352
1872 217352
1875 217352
1878 217352
1881 217352
1884 217352
1887 217352
1890 217352
1893 217352
1896 217352
1899 217352
1902 217352
1905 217352
1908 217352
1911 217352
1914 217352
1917 217352
1920 217352
1923 217352
1926 217352
1929 217352
1932 217352
1935 217352
1938 217352
1941 217352
1944 217352
1947 217352
1950 217352
1953 217352
1956 217352
1959 217352
1962 217352
1965 217352
1968 217352
1971 217352
1974 217352
1977 217352
1980 217352
1983 217352
1986 217352
1989 217352
1992 217352
1995 217352
1998 217352
2001 217352
2004 217352
2007 217352
2010 217352
2013 217352
2016 217352
2019 217352
2022 217352
2025 217352
2028 217352
2031 217352
2034 217352
2037 217352
2040 217352
2043 217352
2046 217352
2049 282888
2052 282888
2055 282888
2058 282888
2061 282888
2064 282888
2067 282888
2070 282888
2073 282888
2076 282888
2079 282888
2082 282888
2085 282888
2088 282888
2091 282888
2094 282888
2097 282888
2100 282888
2103 282888
2106 282888
2109 282888
2112 282888
2115 282888
2118 282888
2121 282888
2124 282888
2127 282888
2130 282888
2133 282888
2136 282888
2139 282888
2142 282888
2145 282888
2148 282888
2151 282888
2154 282888
2157 282888
2160 282888
2163 282888
2166 282888
2169 282888
2172 282888
2175 282888
2178 282888
2181 282888
2184 282888
2187 282888
2190 282888
2193 282888
2196 282888
2199 282888
2202 282888
2205 282888
2208 282888
2211 282888
2214 282888
2217 282888
2220 282888
2223 282888
2226 282888
2229 282888
2232 282888
2235 282888
2238 282888
2241 282888
2244 282888
2247 282888
2250 282888
2253 282888
2256 282888
2259 282888
2262 282888
2265 282888
2268 282888
2271 282888
2274 282888
2277 282888
2280 282888
2283 282888
2286 282888
2289 282888
2292 282888
2295 282888
2298 282888
2301 282888
2304 282888
2307 282888
2310 282888
2313 282888
2316 282888
2319 282888
2322 282888
2325 282888
2328 282888
2331 282888
2334 282888
2337 282888
2340 282888
2343 282888
2346 282888
2349 282888
2352 282888
2355 282888
2358 282888
2361 282888
2364 282888
2367 282888
2370 282888
2373 282888
2376 282888
2379 282888
2382 282888
2385 282888
2388 282888
2391 282888
2394 282888
2397 282888
2400 282888
2403 282888
2406 282888
2409 282888
2412 282888
2415 282888
2418 282888
2421 282888
2424 282888
2427 282888
2430 282888
2433 282888
2436 282888
2439 282888
2442 282888
2445 282888
2448 282888
2451 282888
2454 282888
2457 282888
2460 282888
2463 282888
2466 282888
2469 282888
2472 282888
2475 282888
2478 282888
2481 282888
2484 282888
2487 282888
2490 282888
2493 282888
2496 282888
2499 282888
2502 282888
2505 282888
2508 282888
2511 282888
2514 282888
2517 282888
2520 282888
2523 282888
2526 282888
2529 282888
2532 282888
2535 282888
2538 282888
2541 282888
2544 282888
2547 282888
2550 282888
2553 282888
2556 282888
2559 282888
2562 282888
2565 282888
2568 282888
2571 282888
2574 282888
2577 282888
2580 282888
2583 282888
2586 282888
2589 282888
2592 282888
2595 282888
2598 282888
2601 282888
2604 282888
2607 282888
2610 282888
2613 282888
2616 282888
2619 282888
2622 282888
2625 282888
2628 282888
2631 282888
2634 282888
2637 282888
2640 282888
2643 282888
2646 282888
2649 282888
2652 282888
2655 282888
2658 282888
2661 282888
2664 282888
2667 282888
2670 282888
2673 282888
2676 282888
2679 282888
2682 282888
2685 282888
2688 282888
2691 282888
2694 282888
2697 282888
2700 282888
2703 282888
2706 282888
2709 282888
2712 282888
2715 282888
2718 282888
2721 282888
2724 282888
2727 282888
2730 282888
2733 282888
2736 282888
2739 282888
2742 282888
2745 282888
2748 282888
2751 282888
2754 282888
2757 282888
2760 282888
2763 282888
2766 282888
2769 282888
2772 282888
2775 282888
2778 282888
2781 282888
2784 282888
2787 282888
2790 282888
2793 282888
2796 282888
2799 282888
2802 282888
2805 282888
2808 282888
2811 282888
2814 282888
2817 282888
2820 282888
2823 282888
2826 282888
2829 282888
2832 282888
2835 282888
2838 282888
2841 282888
2844 282888
2847 282888
2850 282888
2853 282888
2856 282888
2859 282888
2862 282888
2865 282888
2868 282888
2871 282888
2874 282888
2877 282888
2880 282888
2883 282888
2886 282888
2889 282888
2892 282888
2895 282888
2898 282888
2901 282888
2904 282888
2907 282888
2910 282888
2913 282888
2916 282888
2919 282888
2922 282888
2925 282888
2928 282888
2931 282888
2934 282888
2937 282888
2940 282888
2943 282888
2946 282888
2949 282888
2952 282888
2955 282888
2958 282888
2961 282888
2964 282888
2967 282888
2970 282888
2973 282888
2976 282888
2979 282888
2982 282888
2985 282888
2988 282888
2991 282888
2994 282888
2997 282888
3000 282888
